0.000000 
0.011134 
0.022054 
0.032548 
0.042414 
0.051460 
0.059509 
0.066403 
0.072005 
0.076205 
0.078918 
0.080091 
0.079699 
0.077751 
0.074286 
0.069373 
0.063109 
0.055619 
0.047051 
0.037572 
0.027367 
0.016634 
0.005581 
-0.005581 
-0.016634 
-0.027367 
-0.037572 
-0.047051 
-0.055619 
-0.063109 
-0.069373 
-0.074286 
-0.077751 
-0.079699 
-0.080091 
-0.078918 
-0.076205 
-0.072005 
-0.066403 
-0.059509 
-0.051460 
-0.042414 
-0.032548 
-0.022054 
-0.011134 
0.000000 
0.011134 
0.022054 
0.032548 
0.042414 
0.051460 
0.059509 
0.066403 
0.072005 
0.076205 
0.078918 
0.080091 
0.079699 
0.077751 
0.074286 
0.069373 
0.063109 
0.055619 
0.047051 
0.037572 
0.027367 
0.016634 
0.005581 
-0.005581 
-0.016634 
-0.027367 
-0.037572 
-0.047051 
-0.055620 
-0.063109 
-0.069373 
-0.074286 
-0.077751 
-0.079699 
-0.080091 
-0.078918 
-0.076205 
-0.072005 
-0.066403 
-0.059509 
-0.051460 
-0.042414 
-0.032548 
-0.022054 
-0.011134 
0.000000 
0.011134 
0.022054 
0.032548 
0.042414 
0.051460 
0.059509 
0.066403 
0.072005 
0.076205 
0.078918 
0.080091 
0.079699 
0.077751 
0.074286 
0.069373 
0.063109 
0.055619 
0.047051 
0.037572 
0.027367 
0.016634 
0.005581 
-0.005581 
-0.016634 
-0.027367 
-0.037572 
-0.047051 
-0.055619 
-0.063109 
-0.069373 
-0.074286 
-0.077751 
-0.079699 
-0.080091 
-0.078918 
-0.076205 
-0.072005 
-0.066403 
-0.059509 
-0.051460 
-0.042414 
-0.032548 
-0.022054 
-0.011134 
0.000000 
0.011134 
0.022054 
0.032548 
0.042414 
0.051460 
0.059509 
0.066403 
0.072005 
0.076205 
0.078918 
0.080091 
0.079699 
0.077751 
0.074286 
0.069373 
0.063109 
0.055619 
0.047051 
0.037572 
0.027367 
0.016634 
0.005581 
-0.005581 
-0.016634 
-0.027367 
-0.037572 
-0.047051 
-0.055620 
-0.063109 
-0.069373 
-0.074286 
-0.077751 
-0.079699 
-0.080091 
-0.078918 
-0.076205 
-0.072005 
-0.066403 
-0.059509 
-0.051460 
-0.042414 
-0.032548 
-0.022054 
-0.011134 
0.000000 
0.011134 
0.022054 
0.032548 
0.042414 
0.051460 
0.059509 
0.066403 
0.072005 
0.076205 
0.078918 
0.080091 
0.079699 
0.077751 
0.074286 
0.069373 
0.063109 
0.055619 
0.047051 
0.037572 
0.027367 
0.016634 
0.005581 
-0.005581 
-0.016634 
-0.027367 
-0.037572 
-0.047051 
-0.055619 
-0.063109 
-0.069373 
-0.074286 
-0.077751 
-0.079699 
-0.080091 
-0.078918 
-0.076205 
-0.072005 
-0.066403 
-0.059509 
-0.051460 
-0.042414 
-0.032548 
-0.022054 
-0.011134 
-0.000000 
0.011134 
0.022054 
0.032548 
0.042414 
0.051460 
0.059509 
0.066403 
0.072005 
0.076205 
0.078918 
0.080091 
0.079699 
0.077751 
0.074286 
0.069373 
0.063109 
0.055620 
0.047051 
0.037572 
0.027367 
0.016634 
0.005581 
-0.005580 
-0.016634 
-0.027367 
-0.037572 
-0.047051 
-0.055619 
-0.063109 
-0.069373 
